
Year0.5
[-2.75485668e-09  1.75519270e-06 -4.27285021e-04  4.73261945e-02 -1.97667382e+00]

Year1.0
[-1.83865892e-09  1.25311974e-06 -3.25381595e-04  3.82639517e-02 -1.68296950e+00]

Year1.5
[-2.53388539e-09  1.63265817e-06 -4.02148255e-04  4.50750050e-02 -1.90949997e+00]

Year2.0
[-2.41809910e-09  1.57896844e-06 -3.93043289e-04  4.44064538e-02 -1.89511996e+00]

Year2.5
[-1.46196244e-09  1.02656817e-06 -2.75098307e-04  3.33742438e-02 -1.51589763e+00]

Year3.0
[-1.13741779e-09  8.56348416e-07 -2.42536221e-04  3.07043324e-02 -1.44003629e+00]

Year3.5
[-2.05465712e-09  1.35734633e-06 -3.43308695e-04  3.95392425e-02 -1.72710262e+00]

Year4.0
[-2.52768781e-09  1.61798005e-06 -3.96775985e-04  4.43820137e-02 -1.89294829e+00]

Year4.5
[-2.86907523e-09  1.83165151e-06 -4.46050104e-04  4.93571635e-02 -2.08111135e+00]

Year5.0
[-2.33832724e-09  1.52091291e-06 -3.78594149e-04  4.29182865e-02 -1.85529677e+00]

Year5.5
[-1.47115150e-09  1.05402558e-06 -2.85202011e-04  3.46776029e-02 -1.58594448e+00]

Year6.0
[-2.62697440e-09  1.70266853e-06 -4.21114881e-04  4.72983930e-02 -2.02707918e+00]

Year6.5
[-1.67249488e-09  1.14193424e-06 -2.98586866e-04  3.55076353e-02 -1.60785991e+00]

Year7.0
[-3.32112513e-09  2.09568847e-06 -5.03673945e-04  5.49290850e-02 -2.29223442e+00]

Year7.5
[-2.41952718e-09  1.57925036e-06 -3.93669624e-04  4.45944802e-02 -1.93298051e+00]

Year8.0
[-7.99124311e-10  6.48639813e-07 -1.96047124e-04  2.62307970e-02 -1.30556992e+00]
