
0.0Day
[-2.79662670e-09  1.78852923e-06 -4.36111940e-04  4.82874795e-02 -2.00900479e+00]

0.25Day
[-2.07639980e-09  1.37246617e-06 -3.47499161e-04  4.00486970e-02 -1.72728005e+00]

0.5Day
[-2.70053611e-09  1.72536522e-06 -4.21092718e-04  4.67561375e-02 -1.95272572e+00]

0.75Day
[-2.79998614e-09  1.79654554e-06 -4.39300389e-04  4.87382547e-02 -2.03070260e+00]

1.0Day
[-2.29180115e-09  1.50093841e-06 -3.75330954e-04  4.26539882e-02 -1.81712815e+00]

1.25Day
[-2.22599698e-09  1.46968967e-06 -3.70630141e-04  4.24407510e-02 -1.81859272e+00]

1.5Day
[-2.11612470e-09  1.42443363e-06 -3.64320820e-04  4.21054966e-02 -1.81352114e+00]

1.75Day
[-2.08571965e-09  1.37758600e-06 -3.48349815e-04  4.00908071e-02 -1.72772531e+00]

2.0Day
[-2.33041092e-09  1.51691087e-06 -3.77581304e-04  4.27732935e-02 -1.81887312e+00]

2.25Day
[-2.17445419e-09  1.43913688e-06 -3.63506832e-04  4.16820951e-02 -1.78837395e+00]

2.5Day
[-2.28365239e-09  1.50816679e-06 -3.79675920e-04  4.33380726e-02 -1.85065816e+00]

2.75Day
[-2.69648248e-09  1.71600408e-06 -4.17842838e-04  4.63594571e-02 -1.93739999e+00]

3.0Day
[-1.98982125e-09  1.33249847e-06 -3.40569284e-04  3.95073102e-02 -1.71184757e+00]

3.25Day
[-2.22719981e-09  1.46363938e-06 -3.67379837e-04  4.19014635e-02 -1.79055996e+00]

3.5Day
[-2.66450460e-09  1.70361584e-06 -4.16165620e-04  4.62568642e-02 -1.93454276e+00]

3.75Day
[-2.62674030e-09  1.69646935e-06 -4.17743840e-04  4.66849169e-02 -1.95837178e+00]

4.0Day
[-2.85902960e-09  1.81825247e-06 -4.41347481e-04  4.87030661e-02 -2.02323074e+00]
